<?xml version="1.0" standalone="no"?>
<!DOCTYPE svg PUBLIC "-//W3C//DTD SVG 20010904//EN"
 "http://www.w3.org/TR/2001/REC-SVG-20010904/DTD/svg10.dtd">
<svg version="1.0" xmlns="http://www.w3.org/2000/svg"
 width="288.000000pt" height="292.000000pt" viewBox="0 0 288.000000 292.000000"
 preserveAspectRatio="xMidYMid meet">

<g transform="translate(0.000000,292.000000) scale(0.100000,-0.100000)"
fill="#000000" stroke="none">
<path d="M40 2460 l0 -390 388 2 387 3 3 388 2 387 -390 0 -390 0 0 -390z
m668 3 l-3 -278 -235 -3 c-129 -2 -254 -1 -277 3 l-43 6 0 275 0 274 280 0
280 0 -2 -277z"/>
<path d="M262 2463 l3 -168 166 -2 166 -2 1 169 1 170 -170 0 -169 0 2 -167z"/>
<path d="M1370 2795 l0 -55 -220 0 -220 0 0 -110 0 -110 55 0 55 0 0 -55 0
-55 -55 0 -55 0 0 -225 0 -225 -110 0 -110 0 0 -55 0 -55 -54 0 c-64 0 -63 2
-61 -127 l2 -93 -58 0 -59 0 0 55 0 55 -110 0 -110 0 0 110 0 110 -110 0 -110
0 0 -55 0 -55 55 0 55 0 0 -165 0 -165 55 0 55 0 0 55 0 55 110 0 110 0 0 -55
0 -55 -55 0 -55 0 0 -60 0 -60 -110 0 -110 0 0 -55 0 -55 -55 0 -55 0 0 -55 0
-55 55 0 55 0 0 -55 0 -55 -55 0 -55 0 0 -55 0 -55 110 0 110 0 0 110 0 110
55 0 55 0 0 -110 0 -110 280 0 280 0 0 -110 0 -110 55 0 55 0 0 -115 0 -115
-55 0 -55 0 0 -55 0 -55 55 0 55 0 0 55 0 55 55 0 55 0 0 -220 0 -220 55 0 55
0 0 55 0 55 55 0 55 0 1 113 c0 61 1 162 2 222 l2 110 58 -2 57 -2 0 60 0 60
53 -3 52 -3 0 -110 0 -110 -52 -3 -53 -3 0 -55 0 -54 55 0 55 0 0 55 0 55 55
0 55 0 0 170 0 170 55 0 55 0 0 -225 0 -225 -55 0 -55 0 0 -55 0 -55 55 0 55
0 0 55 0 55 55 0 55 0 0 -110 0 -110 -110 0 -110 0 0 -55 0 -55 165 0 165 0 0
165 0 165 55 0 55 0 0 -55 0 -56 58 3 57 3 0 52 0 53 57 0 58 0 0 -110 0 -110
-59 0 -59 0 2 -52 2 -53 112 -3 112 -3 0 111 0 110 55 0 55 0 0 -110 0 -110
110 0 110 0 0 165 0 165 -55 0 -55 0 0 -55 0 -55 -55 0 -55 0 0 55 0 55 -110
0 -110 0 0 110 0 110 55 0 55 0 0 -55 0 -55 110 0 109 0 3 58 3 57 53 0 52 -1
0 113 0 113 -110 0 -110 0 0 -55 0 -55 -55 0 -55 0 0 55 0 55 -55 0 -55 0 0
110 0 110 -54 0 -54 0 -4 43 c-7 67 -8 67 113 67 l109 0 0 55 0 55 110 0 110
0 0 55 0 55 55 0 55 0 0 115 0 115 -55 0 -55 0 0 -55 0 -55 -110 0 -110 0 0
-115 0 -115 -55 0 -55 0 0 55 0 54 -57 3 -58 3 0 45 c-1 68 1 70 61 70 l54 0
0 55 0 55 110 0 110 0 0 55 0 55 55 0 55 0 0 110 0 110 -110 0 -110 0 0 -55 0
-55 55 0 55 0 0 -55 0 -55 -110 0 -110 0 0 110 0 110 -170 0 -170 0 0 -110 0
-110 -55 0 -55 0 0 110 0 110 -55 0 -55 0 0 -110 0 -110 -55 0 -55 0 0 -55 0
-55 55 0 55 0 0 55 0 55 55 0 55 0 0 -110 0 -110 58 -1 c31 0 81 0 110 1 l52
1 0 -115 0 -116 -55 0 -55 0 0 -55 0 -55 -110 0 -110 0 0 -110 0 -110 -55 0
-55 0 0 -55 0 -55 -55 0 -55 0 0 55 0 55 -170 0 -170 0 0 -55 0 -54 113 -3
112 -3 3 -53 3 -52 -170 0 -171 0 0 165 0 165 55 0 55 0 0 55 0 55 55 0 55 0
0 -55 0 -55 170 0 170 0 0 110 0 110 55 0 55 0 0 55 0 55 -55 0 -55 0 0 60 0
60 -55 0 -55 0 0 165 0 165 55 0 55 0 0 55 0 55 -55 0 -55 0 0 -55 0 -55 -55
0 -55 0 0 165 0 165 -60 0 -60 0 0 -110 0 -110 -55 0 -55 0 1 161 c0 89 -3
164 -6 167 -4 4 -28 7 -53 7 l-47 0 -3 113 -3 112 56 0 55 0 0 -113 0 -113
170 1 170 0 0 58 0 58 53 -3 52 -3 3 -112 3 -113 -56 0 -55 0 0 -55 0 -55 55
0 55 0 0 55 0 55 55 0 55 0 0 -55 0 -55 55 0 55 0 0 55 0 55 -55 0 -55 0 0
225 0 225 55 0 55 0 0 55 0 55 -110 0 -110 0 0 -110 0 -110 -55 0 -55 0 0 110
0 110 -55 0 -55 0 0 55 0 55 -60 0 -60 0 0 -55z m-220 -220 l0 -55 -55 0 -55
0 0 55 0 55 55 0 55 0 0 -55z m338 -2 l3 -53 55 0 54 0 0 -55 0 -55 -55 0 -55
0 0 55 0 55 -60 0 -60 0 0 48 c0 27 3 52 7 56 4 4 30 6 58 4 l50 -3 3 -52z
m-338 -448 l0 -165 55 0 55 0 0 -165 0 -165 -110 0 -110 0 0 -55 0 -55 55 0
55 0 0 -60 0 -60 55 0 55 0 1 58 c0 31 1 82 2 112 l2 55 53 3 52 3 1 52 c0 29
0 78 -1 110 l-1 57 60 0 60 0 0 -110 0 -110 -59 0 -60 0 0 -55 0 -55 58 -1
c31 0 82 -1 112 -2 l55 -2 0 -110 0 -110 -52 -3 -53 -3 0 55 0 56 -60 0 -60 0
0 -56 0 -55 -52 1 c-29 1 -79 1 -110 1 l-58 -1 0 -110 0 -110 -55 0 -55 0 0
-55 0 -55 -55 0 -55 0 0 55 0 55 55 0 55 0 0 110 0 110 -55 0 -55 0 0 170 0
170 -55 0 -55 0 0 -55 0 -55 -55 0 -55 0 0 55 0 55 55 0 55 0 0 55 0 55 -55 0
-55 0 0 55 0 55 110 0 110 0 0 55 0 55 55 0 55 0 0 165 0 165 55 0 55 0 0
-165z m1111 -300 c5 -86 5 -85 -56 -85 l-55 0 0 55 0 55 55 0 c52 0 55 -2 56
-25z m117 -142 l3 -53 -58 0 -58 0 2 47 c1 27 2 52 2 56 1 4 25 7 54 5 l52 -3
3 -52z m-1670 -225 l3 -58 55 0 55 0 -3 -52 -3 -53 -52 -3 -53 -3 0 -55 0 -54
55 0 55 0 0 -55 0 -55 -55 0 -55 0 0 55 0 55 -54 0 c-44 0 -56 4 -59 18 -4 14
-2 272 2 310 1 9 16 12 54 10 l52 -3 3 -57z m-228 -168 l0 -110 55 0 c48 0 55
-3 60 -22 3 -13 3 -36 1 -53 -3 -29 -5 -30 -60 -33 l-56 -3 0 56 0 55 -55 0
-55 0 0 110 0 110 55 0 55 0 0 -110z m-220 -55 l0 -55 -55 0 -55 0 0 55 0 55
55 0 55 0 0 -55z m2004 8 c-1 -27 -2 -52 -3 -56 0 -4 -25 -7 -53 -5 l-53 3 -3
53 -3 52 59 0 58 0 -2 -47z m-2 -295 c2 -7 4 -80 3 -163 l0 -149 -31 -6 c-17
-4 -91 -6 -165 -6 l-134 1 -3 168 -2 167 164 0 c122 0 165 -3 168 -12z m-1004
-381 l3 -58 -53 3 -53 3 -3 44 c-5 62 -1 67 54 66 l49 0 3 -58z m782 -112 l0
-55 -55 0 -55 0 0 55 0 55 55 0 55 0 0 -55z"/>
<path d="M1040 1795 l0 -55 55 0 55 0 0 55 0 55 -55 0 -55 0 0 -55z"/>
<path d="M1040 1345 l0 -55 55 0 55 0 0 55 0 55 -55 0 -55 0 0 -55z"/>
<path d="M2040 795 l0 -55 55 0 55 0 0 55 0 55 -55 0 -55 0 0 -55z"/>
<path d="M2042 2463 l3 -388 388 -3 387 -2 0 390 0 390 -390 0 -390 0 2 -387z
m668 -3 l0 -281 -277 3 -278 2 -2 278 -2 278 279 0 280 0 0 -280z"/>
<path d="M2269 2623 c-1 -5 -2 -80 -3 -168 l-1 -161 140 -2 c77 -1 152 0 168
4 l27 6 0 164 0 164 -165 0 c-91 0 -166 -3 -166 -7z"/>
<path d="M370 1905 l0 -55 55 0 55 0 0 55 0 55 -55 0 -55 0 0 -55z"/>
<path d="M2710 1015 l0 -55 55 0 55 0 0 55 0 55 -55 0 -55 0 0 -55z"/>
<path d="M40 460 l0 -390 390 0 390 0 -2 388 -3 387 -387 3 -388 2 0 -390z
m670 -1 l0 -279 -280 0 -280 0 0 281 0 280 280 -2 280 -2 0 -278z"/>
<path d="M264 621 c-2 -2 -4 -78 -4 -168 l0 -163 164 0 c148 0 165 2 170 18 3
9 5 85 5 167 l-1 150 -165 0 c-91 0 -167 -2 -169 -4z"/>
<path d="M930 180 l0 -110 55 0 55 0 0 110 0 110 -55 0 -55 0 0 -110z"/>
<path d="M1490 180 l0 -110 55 0 55 0 0 110 0 110 -55 0 -55 0 0 -110z"/>
</g>
</svg>
